-95253538339 95253528372
-99888394773 99888384807
-19984559306 19984549432
-99609280099 99609270226
-99690671545 99690661765
-92420078438 92420068659
-99728165754 99728156067
-98254473693 98254464007
-99148092140 99148082546
-99343968276 99343958683
-99482147955 99482138454
-99460921902 99460912402
-99258128368 99258118960
-99766897690 99766888283
-95891061331 95891052016
-99120963272 99120953958
-95346927921 95346918699
-99834163674 99834154453
-99939600844 99939591716
-97105181309 97105172182
-99327183608 99327174573
-99306493718 99306484684
-98299871292 98299862350
-98820189852 98820180911
-98743779026 98743770177
-99760081433 99760072585
-98207541462 98207532706
-99034682475 99034673720
-99696284347 99696275684
-98368314281 98368305619
-97024019062 97024010492
-99761601445 99761592876
-61887606496 61887598019
-99895072543 99895064067
-99987625238 99987616855
-90135142482 90135134100
-99804973137 99804964847
-99121649563 99121641274
-99577663467 99577655270
-99687324930 99687316734
-99573444203 99573436099
-99912791979 99912783876
-98850723263 98850715252
-99250014685 99250006675
-99761601445 99761593527
-97396388835 97396380918
-98122340534 98122332709
-99969863799 99969855975